440000200805114514
440103200605114514
440105200705114514
440106201005114514
440107200805114514
440111200605114514
440113200705114514
440114201005114514
440115200805114514
440116200305114514
440116201105114514
440117200905114514
440118200405114514
440118201205114514
440121200705114514
440122201005114514
440123200805114514
440124200305114514
440124201105114514
440125200905114514
440126200405114514
440126201205114514
440128200505114514
440181201005114514
440182200805114514
440183200305114514
440183201105114514
440184200905114514
440202201005114514
440203200805114514
440204200305114514
440204201105114514
440205200905114514
440221200905114514
440222200405114514
440222201205114514
440224200505114514
440226200605114514
440228200705114514
440229201005114514
440230200405114514
440230201205114514
440232200505114514
440281200405114514
440281201205114514
440300200305114514
440300201105114514
440304200505114514
440306200605114514
440308200705114514
440309201005114514
440310200405114514
440310201205114514
440400200505114514
440402200605114514
440404200705114514
440421201005114514
440500200705114514
440502200805114514
440503200305114514
440503201105114514
440504200905114514
440505200405114514
440505201205114514
440507200505114514
440509200605114514
440510200805114514
440511200305114514
440511201105114514
440512200905114514
440513200405114514
440513201205114514
440515200505114514
440521200405114514
440521201205114514
440523200505114514
440525200605114514
440527200705114514
440528201005114514
440582200505114514
440600200905114514
440603200505114514
440605200605114514
440607200705114514
440608201005114514
440621200605114514
440623200705114514
440624201005114514
440682200705114514
440683201005114514
440684200805114514
440703200705114514
440704201005114514
440705200805114514
440711200705114514
440721200805114514
440722200305114514
440722201105114514
440723200905114514
440724200405114514
440724201205114514
440726200505114514
440781200305114514
440781201105114514
440782200905114514
440783200405114514
440783201205114514
440785200505114514
440800201005114514
440802200305114514
440802201105114514
440803200905114514
440804200405114514
440804201205114514
440811200905114514
440822200505114514
440824200605114514
440881200505114514
440883200605114514
440900200405114514
440900201205114514
440902200505114514
440904200605114514
440922200705114514
440923201005114514
440924200805114514
440981200705114514
440982201005114514
440983200805114514
441001200705114514
441002201005114514
441003200805114514
441004200305114514
441004201105114514
441005200905114514
441100200305114514
441100201105114514
441200200505114514
441202200605114514
441204200705114514
441221201005114514
441222200805114514
441223200305114514
441223201105114514
441224200905114514
441225200405114514
441225201205114514
441227200505114514
441229200605114514
441230200805114514
441283200905114514
441284200405114514
441284201205114514
441300200705114514
441302200805114514
441303200305114514
441303201105114514
441321200405114514
441321201205114514
441323200505114514
441400200905114514
441403200505114514
441421200605114514
441423200705114514
441424201005114514
441425200805114514
441426200305114514
441426201105114514
441427200905114514
441521200805114514
441522200305114514
441522201105114514
441523200905114514
441581200305114514
441581201105114514
441600201005114514
441602200305114514
441602201105114514
441611200905114514
441622200505114514
441624200605114514
441700200405114514
441700201205114514
441702200505114514
441704200605114514
441722200705114514
441723201005114514
441781200705114514
441800200605114514
441802200705114514
441803201005114514
441811201005114514
441821200305114514
441821201105114514
441822200905114514
441823200405114514
441823201205114514
441825200505114514
441827200605114514
441881200905114514
441882200405114514
441882201205114514
441900200805114514
442000200505114514
442100200705114514
442101201005114514
442102200805114514
442121200405114514
442121201205114514
442123200505114514
442125200605114514
442127200705114514
442128201005114514
442129200805114514
442131200505114514
442133200605114514
442135200705114514
442136201005114514
442200200905114514
442201200405114514
442201201205114514
442221200605114514
442223200705114514
442224201005114514
442225200805114514
442226200305114514
442226201105114514
442227200905114514
442228200405114514
442228201205114514
442301200605114514
442321200805114514
442322200305114514
442322201105114514
442323200905114514
442324200405114514
442324201205114514
442326200505114514
442328200605114514
442330200305114514
442330201105114514
442331200905114514
442400201005114514
442401200805114514
442422200505114514
442424200605114514
442426200705114514
442427201005114514
442500200405114514
442500201205114514
442502200505114514
442522200705114514
442523201005114514
442524200805114514
442525200305114514
442525201105114514
442526200905114514
442527200405114514
442527201205114514
442529200505114514
442530200705114514
442531201005114514
442600200605114514
442621200305114514
442621201105114514
442622200905114514
442623200405114514
442623201205114514
442625200505114514
442627200605114514
442629200705114514
442630200905114514
442631200405114514
442631201205114514
442633200505114514
442700200805114514
442721200505114514
442723200605114514
442725200705114514
442726201005114514
442727200805114514
442728200305114514
442728201105114514
442729200905114514
442731200605114514
442801200505114514
442821200705114514
442822201005114514
442823200805114514
442824200305114514
442824201105114514
442825200905114514
442826200405114514
442826201205114514
442828200505114514
442830201005114514
442921200905114514
442922200405114514
442922201205114514
442924200505114514
442926200605114514
442928200705114514
442929201005114514
442930200405114514
442930201205114514
445100200805114514
445102200905114514
445103200405114514
445103201205114514
445121200505114514
445203200605114514
445221200705114514
445222201005114514
445223200805114514
445224200305114514
445224201105114514
445281201005114514
445302201005114514
445303200805114514
445321200905114514
445322200405114514
445322201205114514
445381200405114514
445381201205114514
