440116200305114514
440118200405114514
440124200305114514
440126200405114514
440183200305114514
440204200305114514
440222200405114514
440230200405114514
440281200405114514
440300200305114514
440310200405114514
440503200305114514
440505200405114514
440511200305114514
440513200405114514
440521200405114514
440722200305114514
440724200405114514
440781200305114514
440783200405114514
440802200305114514
440804200405114514
440900200405114514
441004200305114514
441100200305114514
441223200305114514
441225200405114514
441284200405114514
441303200305114514
441321200405114514
441426200305114514
441522200305114514
441581200305114514
441602200305114514
441700200405114514
441821200305114514
441823200405114514
441882200405114514
442121200405114514
442201200405114514
442226200305114514
442228200405114514
442322200305114514
442324200405114514
442330200305114514
442500200405114514
442525200305114514
442527200405114514
442621200305114514
442623200405114514
442631200405114514
442728200305114514
442824200305114514
442826200405114514
442922200405114514
442930200405114514
445103200405114514
445224200305114514
445322200405114514
445381200405114514
